0, 1, 114, 64, 7, 7, 1, 0, 1
1, 1, 115, 65, 7, 7, 1, 0, 1
2, 1, 116, 66, 7, 7, 1, 0, 1
3, 1, 117, 67, 7, 7, 1, 0, 1
4, 1, 118, 68, 7, 7, 1, 0, 1
5, 1, 119, 69, 7, 7, 1, 0, 1
6, 1, 120, 70, 7, 7, 1, 0, 1
7, 1, 121, 71, 7, 7, 1, 0, 1
8, 1, 122, 72, 7, 7, 1, 0, 1
9, 1, 123, 73, 7, 7, 1, 0, 1
10, 1, 124, 74, 7, 7, 1, 0, 1
11, 1, 125, 75, 7, 7, 1, 0, 1
12, 1, 126, 76, 7, 7, 1, 0, 1
13, 1, 127, 77, 7, 7, 1, 0, 1
14, 1, 128, 78, 7, 7, 1, 0, 1
15, 1, 129, 79, 7, 7, 1, 0, 1
16, 1, 130, 80, 7, 7, 1, 0, 1
17, 1, 131, 81, 7, 7, 1, 0, 1
18, 1, 132, 82, 7, 7, 1, 0, 1
19, 1, 133, 83, 7, 7, 1, 0, 1
20, 1, 134, 84, 7, 7, 1, 0, 1
21, 1, 135, 85, 7, 7, 1, 0, 1
22, 1, 136, 86, 7, 7, 1, 0, 1
23, 1, 137, 87, 7, 7, 1, 0, 1
24, 1, 138, 88, 7, 7, 1, 0, 1
25, 1, 139, 89, 7, 7, 1, 0, 1
26, 1, 140, 90, 7, 7, 1, 0, 1
27, 1, 141, 91, 7, 7, 1, 0, 1
28, 1, 142, 92, 7, 7, 1, 0, 1
29, 1, 143, 93, 7, 7, 1, 0, 1
30, 1, 144, 94, 7, 7, 1, 0, 1
31, 1, 145, 95, 7, 7, 1, 0, 1
32, 1, 146, 96, 7, 7, 1, 0, 1
33, 1, 147, 97, 7, 7, 1, 0, 1
34, 1, 148, 98, 7, 7, 1, 0, 1
35, 1, 149, 99, 7, 7, 1, 0, 1
36, 1, 150, 100, 7, 7, 1, 0, 1
37, 1, 151, 101, 7, 7, 1, 0, 1
38, 1, 152, 102, 7, 7, 1, 0, 1
39, 1, 153, 103, 7, 7, 1, 0, 1
40, 1, 154, 104, 7, 7, 1, 0, 1
41, 1, 155, 105, 7, 7, 1, 0, 1
42, 1, 156, 106, 7, 7, 1, 0, 1
43, 1, 157, 107, 7, 7, 1, 0, 1
44, 1, 158, 108, 7, 7, 1, 0, 1
45, 1, 159, 109, 7, 7, 1, 0, 1
46, 1, 160, 110, 7, 7, 1, 0, 1
47, 1, 161, 111, 7, 7, 1, 0, 1
48, 1, 162, 112, 7, 7, 1, 0, 1
49, 1, 163, 113, 7, 7, 1, 0, 1
50, 1, 164, 114, 7, 7, 1, 0, 1
51, 1, 165, 115, 7, 7, 1, 0, 1
52, 1, 166, 116, 7, 7, 1, 0, 1
53, 1, 167, 117, 7, 7, 1, 0, 1
54, 1, 168, 118, 7, 7, 1, 0, 1
55, 1, 169, 119, 7, 7, 1, 0, 1
56, 1, 170, 120, 7, 7, 1, 0, 1
57, 1, 171, 121, 7, 7, 1, 0, 1
58, 1, 172, 122, 7, 7, 1, 0, 1
59, 1, 173, 123, 7, 7, 1, 0, 1
60, 1, 174, 124, 7, 7, 1, 0, 1
61, 1, 175, 125, 7, 7, 1, 0, 1
62, 1, 176, 126, 7, 7, 1, 0, 1
63, 1, 177, 127, 7, 7, 1, 0, 1
64, 1, 178, 128, 7, 7, 1, 0, 1
65, 1, 179, 129, 7, 7, 1, 0, 1
66, 1, 180, 130, 7, 7, 1, 0, 1
67, 1, 181, 131, 7, 7, 1, 0, 1
68, 1, 182, 132, 7, 7, 1, 0, 1
69, 1, 183, 133, 7, 7, 1, 0, 1
70, 1, 184, 134, 7, 7, 1, 0, 1
71, 1, 185, 135, 7, 7, 1, 0, 1
72, 1, 186, 136, 7, 7, 1, 0, 1
73, 1, 187, 137, 7, 7, 1, 0, 1
74, 1, 188, 138, 7, 7, 1, 0, 1
75, 1, 189, 139, 7, 7, 1, 0, 1
76, 1, 190, 140, 7, 7, 1, 0, 1
77, 1, 191, 141, 7, 7, 1, 0, 1
78, 1, 192, 142, 7, 7, 1, 0, 1
79, 1, 193, 143, 7, 7, 1, 0, 1
80, 1, 194, 144, 7, 7, 1, 0, 1
81, 1, 195, 145, 7, 7, 1, 0, 1
82, 1, 196, 146, 7, 7, 1, 0, 1
83, 1, 197, 147, 7, 7, 1, 0, 1
84, 1, 198, 148, 7, 7, 1, 0, 1
85, 1, 199, 149, 7, 7, 1, 0, 1
86, 1, 200, 150, 7, 7, 1, 0, 1
87, 1, 201, 151, 7, 7, 1, 0, 1
88, 1, 202, 152, 7, 7, 1, 0, 1
89, 1, 203, 153, 7, 7, 1, 0, 1
90, 1, 204, 154, 7, 7, 1, 0, 1
91, 1, 205, 155, 7, 7, 1, 0, 1
92, 1, 206, 156, 7, 7, 1, 0, 1
93, 1, 207, 157, 7, 7, 1, 0, 1
94, 1, 208, 158, 7, 7, 1, 0, 1
95, 1, 209, 159, 7, 7, 1, 0, 1
96, 1, 210, 160, 7, 7, 1, 0, 1
97, 1, 211, 161, 7, 7, 1, 0, 1
98, 1, 212, 162, 7, 7, 1, 0, 1
99, 1, 213, 163, 7, 7, 1, 0, 1
100, 1, 214, 164, 7, 7, 1, 0, 1
101, 1, 214, 164, 7, 7, 1, 0, 1
102, 1, 215, 165, 7, 7, 1, 0, 1
103, 1, 216, 166, 7, 7, 1, 0, 1
104, 1, 217, 167, 7, 7, 1, 0, 1
105, 1, 218, 168, 7, 7, 1, 0, 1
106, 1, 219, 169, 7, 7, 1, 0, 1
107, 1, 220, 170, 7, 7, 1, 0, 1
108, 1, 221, 171, 7, 7, 1, 0, 1
109, 1, 222, 172, 7, 7, 1, 0, 1
110, 1, 223, 173, 7, 7, 1, 0, 1
111, 1, 224, 174, 7, 7, 1, 0, 1
112, 1, 225, 175, 7, 7, 1, 0, 1
113, 1, 226, 176, 7, 7, 1, 0, 1
114, 1, 227, 177, 7, 7, 1, 0, 1
115, 1, 228, 178, 7, 7, 1, 0, 1
116, 1, 229, 179, 7, 7, 1, 0, 1
117, 1, 230, 180, 7, 7, 1, 0, 1
118, 1, 231, 181, 7, 7, 1, 0, 1
119, 1, 232, 182, 7, 7, 1, 0, 1
120, 1, 233, 183, 7, 7, 1, 0, 1
121, 1, 234, 184, 7, 7, 1, 0, 1
122, 1, 235, 185, 7, 7, 1, 0, 1
123, 1, 236, 186, 7, 7, 1, 0, 1
124, 1, 237, 187, 7, 7, 1, 0, 1
125, 1, 238, 188, 7, 7, 1, 0, 1
126, 1, 239, 189, 7, 7, 1, 0, 1
127, 1, 240, 190, 7, 7, 1, 0, 1
128, 1, 241, 191, 7, 7, 1, 0, 1
129, 1, 242, 192, 7, 7, 1, 0, 1
130, 1, 243, 193, 7, 7, 1, 0, 1
131, 1, 244, 194, 7, 7, 1, 0, 1
132, 1, 245, 195, 7, 7, 1, 0, 1
133, 1, 246, 196, 7, 7, 1, 0, 1
134, 1, 247, 197, 7, 7, 1, 0, 1
135, 1, 248, 198, 7, 7, 1, 0, 1
136, 1, 249, 199, 7, 7, 1, 0, 1
137, 1, 250, 200, 7, 7, 1, 0, 1
138, 1, 251, 201, 7, 7, 1, 0, 1
139, 1, 252, 202, 7, 7, 1, 0, 1
140, 1, 253, 203, 7, 7, 1, 0, 1
141, 1, 254, 204, 7, 7, 1, 0, 1
142, 1, 255, 205, 7, 7, 1, 0, 1
143, 1, 256, 206, 7, 7, 1, 0, 1
144, 1, 257, 207, 7, 7, 1, 0, 1
145, 1, 258, 208, 7, 7, 1, 0, 1
146, 1, 259, 209, 7, 7, 1, 0, 1
147, 1, 260, 210, 7, 7, 1, 0, 1
148, 1, 261, 211, 7, 7, 1, 0, 1
149, 1, 262, 212, 7, 7, 1, 0, 1
150, 1, 263, 213, 7, 7, 1, 0, 1
151, 1, 264, 214, 7, 7, 1, 0, 1
152, 1, 265, 215, 7, 7, 1, 0, 1
153, 1, 266, 216, 7, 7, 1, 0, 1
154, 1, 267, 217, 7, 7, 1, 0, 1
155, 1, 268, 218, 7, 7, 1, 0, 1
156, 1, 269, 219, 7, 7, 1, 0, 1
157, 1, 270, 220, 7, 7, 1, 0, 1
158, 1, 271, 221, 7, 7, 1, 0, 1
159, 1, 272, 222, 7, 7, 1, 0, 1
160, 1, 273, 223, 7, 7, 1, 0, 1
161, 1, 274, 224, 7, 7, 1, 0, 1
162, 1, 275, 225, 7, 7, 1, 0, 1
163, 1, 276, 226, 7, 7, 1, 0, 1
164, 1, 277, 227, 7, 7, 1, 0, 1
165, 1, 278, 228, 7, 7, 1, 0, 1
166, 1, 279, 229, 7, 7, 1, 0, 1
167, 1, 280, 230, 7, 7, 1, 0, 1
168, 1, 281, 231, 7, 7, 1, 0, 1
169, 1, 282, 232, 7, 7, 1, 0, 1
170, 1, 283, 233, 7, 7, 1, 0, 1
171, 1, 284, 234, 7, 7, 1, 0, 1
172, 1, 285, 235, 7, 7, 1, 0, 1
173, 1, 286, 236, 7, 7, 1, 0, 1
174, 1, 287, 237, 7, 7, 1, 0, 1
175, 1, 288, 238, 7, 7, 1, 0, 1
176, 1, 289, 239, 7, 7, 1, 0, 1
177, 1, 290, 240, 7, 7, 1, 0, 1
178, 1, 291, 241, 7, 7, 1, 0, 1
179, 1, 292, 242, 7, 7, 1, 0, 1
180, 1, 293, 243, 7, 7, 1, 0, 1
181, 1, 294, 244, 7, 7, 1, 0, 1
182, 1, 295, 245, 7, 7, 1, 0, 1
183, 1, 296, 246, 7, 7, 1, 0, 1
184, 1, 297, 247, 7, 7, 1, 0, 1
185, 1, 298, 248, 7, 7, 1, 0, 1
186, 1, 299, 249, 7, 7, 1, 0, 1
187, 1, 300, 250, 7, 7, 1, 0, 1
188, 1, 301, 251, 7, 7, 1, 0, 1
189, 1, 302, 252, 7, 7, 1, 0, 1
190, 1, 303, 253, 7, 7, 1, 0, 1
191, 1, 304, 254, 7, 7, 1, 0, 1
192, 1, 305, 255, 7, 7, 1, 0, 1
193, 1, 306, 256, 7, 7, 1, 0, 1
194, 1, 307, 257, 7, 7, 1, 0, 1
195, 1, 308, 258, 7, 7, 1, 0, 1
196, 1, 309, 259, 7, 7, 1, 0, 1
197, 1, 310, 260, 7, 7, 1, 0, 1
198, 1, 311, 261, 7, 7, 1, 0, 1
199, 1, 312, 262, 7, 7, 1, 0, 1
200, 1, 313, 263, 7, 7, 1, 0, 1
201, 1, 314, 264, 7, 7, 1, 0, 1
202, 1, 315, 265, 7, 7, 1, 0, 1
203, 1, 316, 266, 7, 7, 1, 0, 1
204, 1, 317, 267, 7, 7, 1, 0, 1
205, 1, 318, 268, 7, 7, 1, 0, 1
206, 1, 319, 269, 7, 7, 1, 0, 1
207, 1, 320, 270, 7, 7, 1, 0, 1
208, 1, 321, 271, 7, 7, 1, 0, 1
209, 1, 322, 272, 7, 7, 1, 0, 1
210, 1, 323, 273, 7, 7, 1, 0, 1
211, 1, 324, 274, 7, 7, 1, 0, 1
212, 1, 325, 275, 7, 7, 1, 0, 1
213, 1, 326, 276, 7, 7, 1, 0, 1
214, 1, 327, 277, 7, 7, 1, 0, 1
215, 1, 328, 278, 7, 7, 1, 0, 1
216, 1, 329, 279, 7, 7, 1, 0, 1
217, 1, 330, 280, 7, 7, 1, 0, 1
218, 1, 331, 281, 7, 7, 1, 0, 1
219, 1, 332, 282, 7, 7, 1, 0, 1
220, 1, 333, 283, 7, 7, 1, 0, 1
221, 1, 334, 284, 7, 7, 1, 0, 1
222, 1, 335, 285, 7, 7, 1, 0, 1
223, 1, 336, 286, 7, 7, 1, 0, 1
224, 1, 337, 287, 7, 7, 1, 0, 1
225, 1, 338, 288, 7, 7, 1, 0, 1
226, 1, 339, 289, 7, 7, 1, 0, 1
227, 1, 340, 290, 7, 7, 1, 0, 1
228, 1, 341, 291, 7, 7, 1, 0, 1
229, 1, 342, 292, 7, 7, 1, 0, 1
230, 1, 343, 293, 7, 7, 1, 0, 1
231, 1, 344, 294, 7, 7, 1, 0, 1
232, 1, 345, 295, 7, 7, 1, 0, 1
233, 1, 346, 296, 7, 7, 1, 0, 1
234, 1, 347, 297, 7, 7, 1, 0, 1
235, 1, 348, 298, 7, 7, 1, 0, 1
236, 1, 349, 299, 7, 7, 1, 0, 1
237, 1, 350, 300, 7, 7, 1, 0, 1
238, 1, 351, 301, 7, 7, 1, 0, 1
239, 1, 352, 302, 7, 7, 1, 0, 1
240, 1, 353, 303, 7, 7, 1, 0, 1
241, 1, 354, 304, 7, 7, 1, 0, 1
242, 1, 355, 305, 7, 7, 1, 0, 1
243, 1, 356, 306, 7, 7, 1, 0, 1
244, 1, 357, 307, 7, 7, 1, 0, 1
245, 1, 358, 308, 7, 7, 1, 0, 1
246, 1, 359, 309, 7, 7, 1, 0, 1
247, 1, 360, 310, 7, 7, 1, 0, 1
248, 1, 361, 311, 7, 7, 1, 0, 1
249, 1, 362, 312, 7, 7, 1, 0, 1
250, 1, 363, 313, 7, 7, 1, 0, 1
251, 1, 364, 314, 7, 7, 1, 0, 1
252, 1, 365, 315, 7, 7, 1, 0, 1
253, 1, 366, 316, 7, 7, 1, 0, 1
254, 1, 367, 317, 7, 7, 1, 0, 1
255, 1, 368, 318, 7, 7, 1, 0, 1
256, 1, 369, 319, 7, 7, 1, 0, 1
257, 1, 370, 320, 7, 7, 1, 0, 1
258, 1, 371, 321, 7, 7, 1, 0, 1
259, 1, 372, 322, 7, 7, 1, 0, 1
260, 1, 373, 323, 7, 7, 1, 0, 1
261, 1, 374, 324, 7, 7, 1, 0, 1
262, 1, 375, 325, 7, 7, 1, 0, 1
263, 1, 376, 326, 7, 7, 1, 0, 1
264, 1, 377, 327, 7, 7, 1, 0, 1
265, 1, 378, 328, 7, 7, 1, 0, 1
266, 1, 379, 329, 7, 7, 1, 0, 1
267, 1, 380, 330, 7, 7, 1, 0, 1
268, 1, 381, 331, 7, 7, 1, 0, 1
269, 1, 382, 332, 7, 7, 1, 0, 1
270, 1, 383, 333, 7, 7, 1, 0, 1
271, 1, 384, 334, 7, 7, 1, 0, 1
272, 1, 385, 335, 7, 7, 1, 0, 1
273, 1, 386, 336, 7, 7, 1, 0, 1
274, 1, 387, 337, 7, 7, 1, 0, 1
275, 1, 388, 338, 7, 7, 1, 0, 1
276, 1, 389, 339, 7, 7, 1, 0, 1
277, 1, 390, 340, 7, 7, 1, 0, 1
278, 1, 391, 341, 7, 7, 1, 0, 1
279, 1, 392, 342, 7, 7, 1, 0, 1
280, 1, 393, 343, 7, 7, 1, 0, 1
281, 1, 394, 344, 7, 7, 1, 0, 1
282, 1, 395, 345, 7, 7, 1, 0, 1
283, 1, 396, 346, 7, 7, 1, 0, 1
284, 1, 397, 347, 7, 7, 1, 0, 1
285, 1, 398, 348, 7, 7, 1, 0, 1
286, 1, 399, 349, 7, 7, 1, 0, 1
287, 1, 400, 350, 7, 7, 1, 0, 1
288, 1, 401, 351, 7, 7, 1, 0, 1
289, 1, 402, 352, 7, 7, 1, 0, 1
290, 1, 403, 353, 7, 7, 1, 0, 1
291, 1, 404, 354, 7, 7, 1, 0, 1
292, 1, 405, 355, 7, 7, 1, 0, 1
293, 1, 406, 356, 7, 7, 1, 0, 1
294, 1, 407, 357, 7, 7, 1, 0, 1
295, 1, 408, 358, 7, 7, 1, 0, 1
296, 1, 409, 359, 7, 7, 1, 0, 1
297, 1, 410, 360, 7, 7, 1, 0, 1
298, 1, 411, 361, 7, 7, 1, 0, 1
299, 1, 412, 362, 7, 7, 1, 0, 1
